380	6.91840000000000e-06
381	6.98370000000000e-06
382	7.04900000000000e-06
383	7.11425000000000e-06
384	7.17950000000000e-06
385	7.24475000000000e-06
386	7.31000000000000e-06
387	7.37530000000000e-06
388	7.44060000000000e-06
389	7.50585000000000e-06
390	7.57110000000000e-06
391	7.95455000000000e-06
392	8.33800000000000e-06
393	8.72960000000000e-06
394	9.12120000000000e-06
395	9.51280000000000e-06
396	9.90440000000000e-06
397	1.02877000000000e-05
398	1.06710000000000e-05
399	1.10630000000000e-05
400	1.14550000000000e-05
401	1.15770000000000e-05
402	1.16990000000000e-05
403	1.18215000000000e-05
404	1.19440000000000e-05
405	1.20665000000000e-05
406	1.21890000000000e-05
407	1.23030000000000e-05
408	1.24170000000000e-05
409	1.25395000000000e-05
410	1.26620000000000e-05
411	1.26945000000000e-05
412	1.27270000000000e-05
413	1.27515000000000e-05
414	1.27760000000000e-05
415	1.28005000000000e-05
416	1.28250000000000e-05
417	1.28575000000000e-05
418	1.28900000000000e-05
419	1.29145000000000e-05
420	1.29390000000000e-05
421	1.28415000000000e-05
422	1.27440000000000e-05
423	1.26540000000000e-05
424	1.25640000000000e-05
425	1.24745000000000e-05
426	1.23850000000000e-05
427	1.22870000000000e-05
428	1.21890000000000e-05
429	1.20990000000000e-05
430	1.20090000000000e-05
431	1.22620000000000e-05
432	1.25150000000000e-05
433	1.27600000000000e-05
434	1.30050000000000e-05
435	1.32580000000000e-05
436	1.35110000000000e-05
437	1.37635000000000e-05
438	1.40160000000000e-05
439	1.42690000000000e-05
440	1.45220000000000e-05
441	1.46935000000000e-05
442	1.48650000000000e-05
443	1.50280000000000e-05
444	1.51910000000000e-05
445	1.53625000000000e-05
446	1.55340000000000e-05
447	1.57050000000000e-05
448	1.58760000000000e-05
449	1.60395000000000e-05
450	1.62030000000000e-05
451	1.62190000000000e-05
452	1.62350000000000e-05
453	1.62435000000000e-05
454	1.62520000000000e-05
455	1.62600000000000e-05
456	1.62680000000000e-05
457	1.62845000000000e-05
458	1.63010000000000e-05
459	1.63090000000000e-05
460	1.63170000000000e-05
461	1.62760000000000e-05
462	1.62350000000000e-05
463	1.61945000000000e-05
464	1.61540000000000e-05
465	1.61130000000000e-05
466	1.60720000000000e-05
467	1.60315000000000e-05
468	1.59910000000000e-05
469	1.59500000000000e-05
470	1.59090000000000e-05
471	1.59255000000000e-05
472	1.59420000000000e-05
473	1.59580000000000e-05
474	1.59740000000000e-05
475	1.59825000000000e-05
476	1.59910000000000e-05
477	1.60070000000000e-05
478	1.60230000000000e-05
479	1.60395000000000e-05
480	1.60560000000000e-05
481	1.59580000000000e-05
482	1.58600000000000e-05
483	1.57620000000000e-05
484	1.56640000000000e-05
485	1.55665000000000e-05
486	1.54690000000000e-05
487	1.53710000000000e-05
488	1.52730000000000e-05
489	1.51750000000000e-05
490	1.50770000000000e-05
491	1.50850000000000e-05
492	1.50930000000000e-05
493	1.51015000000000e-05
494	1.51100000000000e-05
495	1.51180000000000e-05
496	1.51260000000000e-05
497	1.51260000000000e-05
498	1.51260000000000e-05
499	1.51340000000000e-05
500	1.51420000000000e-05
501	1.51260000000000e-05
502	1.51100000000000e-05
503	1.50855000000000e-05
504	1.50610000000000e-05
505	1.50365000000000e-05
506	1.50120000000000e-05
507	1.49955000000000e-05
508	1.49790000000000e-05
509	1.49545000000000e-05
510	1.49300000000000e-05
511	1.48895000000000e-05
512	1.48490000000000e-05
513	1.48080000000000e-05
514	1.47670000000000e-05
515	1.47260000000000e-05
516	1.46850000000000e-05
517	1.46445000000000e-05
518	1.46040000000000e-05
519	1.45630000000000e-05
520	1.45220000000000e-05
521	1.45630000000000e-05
522	1.46040000000000e-05
523	1.46445000000000e-05
524	1.46850000000000e-05
525	1.47180000000000e-05
526	1.47510000000000e-05
527	1.47915000000000e-05
528	1.48320000000000e-05
529	1.48730000000000e-05
530	1.49140000000000e-05
531	1.48730000000000e-05
532	1.48320000000000e-05
533	1.47830000000000e-05
534	1.47340000000000e-05
535	1.46935000000000e-05
536	1.46530000000000e-05
537	1.46040000000000e-05
538	1.45550000000000e-05
539	1.45060000000000e-05
540	1.44570000000000e-05
541	1.44570000000000e-05
542	1.44570000000000e-05
543	1.44490000000000e-05
544	1.44410000000000e-05
545	1.44410000000000e-05
546	1.44410000000000e-05
547	1.44325000000000e-05
548	1.44240000000000e-05
549	1.44160000000000e-05
550	1.44080000000000e-05
551	1.43590000000000e-05
552	1.43100000000000e-05
553	1.42530000000000e-05
554	1.41960000000000e-05
555	1.41390000000000e-05
556	1.40820000000000e-05
557	1.40245000000000e-05
558	1.39670000000000e-05
559	1.39100000000000e-05
560	1.38530000000000e-05
561	1.38040000000000e-05
562	1.37550000000000e-05
563	1.37060000000000e-05
564	1.36570000000000e-05
565	1.36000000000000e-05
566	1.35430000000000e-05
567	1.34940000000000e-05
568	1.34450000000000e-05
569	1.33960000000000e-05
570	1.33470000000000e-05
571	1.33390000000000e-05
572	1.33310000000000e-05
573	1.33230000000000e-05
574	1.33150000000000e-05
575	1.33065000000000e-05
576	1.32980000000000e-05
577	1.32900000000000e-05
578	1.32820000000000e-05
579	1.32740000000000e-05
580	1.32660000000000e-05
581	1.31680000000000e-05
582	1.30700000000000e-05
583	1.29720000000000e-05
584	1.28740000000000e-05
585	1.27760000000000e-05
586	1.26780000000000e-05
587	1.25805000000000e-05
588	1.24830000000000e-05
589	1.23850000000000e-05
590	1.22870000000000e-05
591	1.23030000000000e-05
592	1.23190000000000e-05
593	1.23435000000000e-05
594	1.23680000000000e-05
595	1.23845000000000e-05
596	1.24010000000000e-05
597	1.24175000000000e-05
598	1.24340000000000e-05
599	1.24500000000000e-05
600	1.24660000000000e-05
601	1.24660000000000e-05
602	1.24660000000000e-05
603	1.24580000000000e-05
604	1.24500000000000e-05
605	1.24420000000000e-05
606	1.24340000000000e-05
607	1.24340000000000e-05
608	1.24340000000000e-05
609	1.24255000000000e-05
610	1.24170000000000e-05
611	1.23925000000000e-05
612	1.23680000000000e-05
613	1.23355000000000e-05
614	1.23030000000000e-05
615	1.22785000000000e-05
616	1.22540000000000e-05
617	1.22295000000000e-05
618	1.22050000000000e-05
619	1.21805000000000e-05
620	1.21560000000000e-05
621	1.20910000000000e-05
622	1.20260000000000e-05
623	1.19685000000000e-05
624	1.19110000000000e-05
625	1.18460000000000e-05
626	1.17810000000000e-05
627	1.17240000000000e-05
628	1.16670000000000e-05
629	1.16015000000000e-05
630	1.15360000000000e-05
631	1.15440000000000e-05
632	1.15520000000000e-05
633	1.15605000000000e-05
634	1.15690000000000e-05
635	1.15690000000000e-05
636	1.15690000000000e-05
637	1.15770000000000e-05
638	1.15850000000000e-05
639	1.15930000000000e-05
640	1.16010000000000e-05
641	1.15525000000000e-05
642	1.15040000000000e-05
643	1.14465000000000e-05
644	1.13890000000000e-05
645	1.13400000000000e-05
646	1.12910000000000e-05
647	1.12420000000000e-05
648	1.11930000000000e-05
649	1.11445000000000e-05
650	1.10960000000000e-05
651	1.10960000000000e-05
652	1.10960000000000e-05
653	1.10960000000000e-05
654	1.10960000000000e-05
655	1.11040000000000e-05
656	1.11120000000000e-05
657	1.11120000000000e-05
658	1.11120000000000e-05
659	1.11120000000000e-05
660	1.11120000000000e-05
661	1.11445000000000e-05
662	1.11770000000000e-05
663	1.12015000000000e-05
664	1.12260000000000e-05
665	1.12585000000000e-05
666	1.12910000000000e-05
667	1.13155000000000e-05
668	1.13400000000000e-05
669	1.13730000000000e-05
670	1.14060000000000e-05
671	1.13485000000000e-05
672	1.12910000000000e-05
673	1.12340000000000e-05
674	1.11770000000000e-05
675	1.11280000000000e-05
676	1.10790000000000e-05
677	1.10220000000000e-05
678	1.09650000000000e-05
679	1.09080000000000e-05
680	1.08510000000000e-05
681	1.07285000000000e-05
682	1.06060000000000e-05
683	1.04920000000000e-05
684	1.03780000000000e-05
685	1.02555000000000e-05
686	1.01330000000000e-05
687	1.00187000000000e-05
688	9.90440000000000e-06
689	9.78205000000000e-06
690	9.65970000000000e-06
691	9.68415000000000e-06
692	9.70860000000000e-06
693	9.74125000000000e-06
694	9.77390000000000e-06
695	9.79840000000000e-06
696	9.82290000000000e-06
697	9.84735000000000e-06
698	9.87180000000000e-06
699	9.89630000000000e-06
700	9.92080000000000e-06
701	9.96140000000000e-06
702	1.00020000000000e-05
703	1.00430000000000e-05
704	1.00840000000000e-05
705	1.01165000000000e-05
706	1.01490000000000e-05
707	1.01900000000000e-05
708	1.02310000000000e-05
709	1.02715000000000e-05
710	1.03120000000000e-05
711	1.01327000000000e-05
712	9.95340000000000e-06
713	9.77390000000000e-06
714	9.59440000000000e-06
715	9.42310000000000e-06
716	9.25180000000000e-06
717	9.07230000000000e-06
718	8.89280000000000e-06
719	8.71330000000000e-06
720	8.53380000000000e-06
721	8.64800000000000e-06
722	8.76220000000000e-06
723	8.87645000000000e-06
724	8.99070000000000e-06
725	9.10490000000000e-06
726	9.21910000000000e-06
727	9.34150000000000e-06
728	9.46390000000000e-06
729	9.57810000000000e-06
730	9.69230000000000e-06
731	0
732	0
733	0
734	0
735	0
736	0
737	0
738	0
739	0
740	0
741	0
742	0
743	0
744	0
745	0
746	0
747	0
748	0
749	0
750	0
751	0
752	0
753	0
754	0
755	0
756	0
757	0
758	0
759	0
760	0
761	0
762	0
763	0
764	0
765	0
766	0
767	0
768	0
769	0
770	0
771	0
772	0
773	0
774	0
775	0
776	0
777	0
778	0
779	0
780	0